{
 "cells": [
  {
   "cell_type": "code",
   "execution_count": 31,
   "metadata": {},
   "outputs": [],
   "source": [
    "import numpy as np"
   ]
  },
  {
   "cell_type": "code",
   "execution_count": 32,
   "metadata": {},
   "outputs": [],
   "source": [
    "import pandas as pd"
   ]
  },
  {
   "cell_type": "code",
   "execution_count": 33,
   "metadata": {},
   "outputs": [],
   "source": [
    "import os\n",
    "os.chdir(\"C:/Users/Saveera/Desktop/dataset\")"
   ]
  },
  {
   "cell_type": "code",
   "execution_count": 34,
   "metadata": {},
   "outputs": [],
   "source": [
    "df=pd.read_csv(\"winequality-white.csv\")"
   ]
  },
  {
   "cell_type": "code",
   "execution_count": 35,
   "metadata": {},
   "outputs": [],
   "source": [
    "reviews = []\n",
    "for i in df['quality']:\n",
    "    if i >= 1 and i <= 3:\n",
    "        reviews.append('1')\n",
    "    elif i >= 4 and i <= 7:\n",
    "        reviews.append('2')\n",
    "    elif i >= 8 and i <= 10:\n",
    "        reviews.append('3')\n",
    "df.insert(12,\"Reviews\",reviews,True)\n",
    "df['Reviews']=df[\"Reviews\"].astype(int)"
   ]
  },
  {
   "cell_type": "code",
   "execution_count": 36,
   "metadata": {},
   "outputs": [
    {
     "data": {
      "text/html": [
       "<div>\n",
       "<style scoped>\n",
       "    .dataframe tbody tr th:only-of-type {\n",
       "        vertical-align: middle;\n",
       "    }\n",
       "\n",
       "    .dataframe tbody tr th {\n",
       "        vertical-align: top;\n",
       "    }\n",
       "\n",
       "    .dataframe thead th {\n",
       "        text-align: right;\n",
       "    }\n",
       "</style>\n",
       "<table border=\"1\" class=\"dataframe\">\n",
       "  <thead>\n",
       "    <tr style=\"text-align: right;\">\n",
       "      <th></th>\n",
       "      <th>fixed acidity</th>\n",
       "      <th>volatile acidity</th>\n",
       "      <th>citric acid</th>\n",
       "      <th>residual sugar</th>\n",
       "      <th>chlorides</th>\n",
       "      <th>free sulfur dioxide</th>\n",
       "      <th>total sulfur dioxide</th>\n",
       "      <th>density</th>\n",
       "      <th>pH</th>\n",
       "      <th>sulphates</th>\n",
       "      <th>alcohol</th>\n",
       "      <th>quality</th>\n",
       "      <th>Reviews</th>\n",
       "    </tr>\n",
       "  </thead>\n",
       "  <tbody>\n",
       "    <tr>\n",
       "      <th>count</th>\n",
       "      <td>4898.000000</td>\n",
       "      <td>4898.000000</td>\n",
       "      <td>4898.000000</td>\n",
       "      <td>4898.000000</td>\n",
       "      <td>4898.000000</td>\n",
       "      <td>4898.000000</td>\n",
       "      <td>4898.000000</td>\n",
       "      <td>4898.000000</td>\n",
       "      <td>4898.000000</td>\n",
       "      <td>4898.000000</td>\n",
       "      <td>4898.000000</td>\n",
       "      <td>4898.000000</td>\n",
       "      <td>4898.000000</td>\n",
       "    </tr>\n",
       "    <tr>\n",
       "      <th>mean</th>\n",
       "      <td>6.854788</td>\n",
       "      <td>0.278241</td>\n",
       "      <td>0.334192</td>\n",
       "      <td>6.391415</td>\n",
       "      <td>0.045772</td>\n",
       "      <td>35.308085</td>\n",
       "      <td>138.360657</td>\n",
       "      <td>0.994027</td>\n",
       "      <td>3.188267</td>\n",
       "      <td>0.489847</td>\n",
       "      <td>10.514267</td>\n",
       "      <td>5.877909</td>\n",
       "      <td>2.032666</td>\n",
       "    </tr>\n",
       "    <tr>\n",
       "      <th>std</th>\n",
       "      <td>0.843868</td>\n",
       "      <td>0.100795</td>\n",
       "      <td>0.121020</td>\n",
       "      <td>5.072058</td>\n",
       "      <td>0.021848</td>\n",
       "      <td>17.007137</td>\n",
       "      <td>42.498065</td>\n",
       "      <td>0.002991</td>\n",
       "      <td>0.151001</td>\n",
       "      <td>0.114126</td>\n",
       "      <td>1.230621</td>\n",
       "      <td>0.885639</td>\n",
       "      <td>0.199434</td>\n",
       "    </tr>\n",
       "    <tr>\n",
       "      <th>min</th>\n",
       "      <td>3.800000</td>\n",
       "      <td>0.080000</td>\n",
       "      <td>0.000000</td>\n",
       "      <td>0.600000</td>\n",
       "      <td>0.009000</td>\n",
       "      <td>2.000000</td>\n",
       "      <td>9.000000</td>\n",
       "      <td>0.987110</td>\n",
       "      <td>2.720000</td>\n",
       "      <td>0.220000</td>\n",
       "      <td>8.000000</td>\n",
       "      <td>3.000000</td>\n",
       "      <td>1.000000</td>\n",
       "    </tr>\n",
       "    <tr>\n",
       "      <th>25%</th>\n",
       "      <td>6.300000</td>\n",
       "      <td>0.210000</td>\n",
       "      <td>0.270000</td>\n",
       "      <td>1.700000</td>\n",
       "      <td>0.036000</td>\n",
       "      <td>23.000000</td>\n",
       "      <td>108.000000</td>\n",
       "      <td>0.991723</td>\n",
       "      <td>3.090000</td>\n",
       "      <td>0.410000</td>\n",
       "      <td>9.500000</td>\n",
       "      <td>5.000000</td>\n",
       "      <td>2.000000</td>\n",
       "    </tr>\n",
       "    <tr>\n",
       "      <th>50%</th>\n",
       "      <td>6.800000</td>\n",
       "      <td>0.260000</td>\n",
       "      <td>0.320000</td>\n",
       "      <td>5.200000</td>\n",
       "      <td>0.043000</td>\n",
       "      <td>34.000000</td>\n",
       "      <td>134.000000</td>\n",
       "      <td>0.993740</td>\n",
       "      <td>3.180000</td>\n",
       "      <td>0.470000</td>\n",
       "      <td>10.400000</td>\n",
       "      <td>6.000000</td>\n",
       "      <td>2.000000</td>\n",
       "    </tr>\n",
       "    <tr>\n",
       "      <th>75%</th>\n",
       "      <td>7.300000</td>\n",
       "      <td>0.320000</td>\n",
       "      <td>0.390000</td>\n",
       "      <td>9.900000</td>\n",
       "      <td>0.050000</td>\n",
       "      <td>46.000000</td>\n",
       "      <td>167.000000</td>\n",
       "      <td>0.996100</td>\n",
       "      <td>3.280000</td>\n",
       "      <td>0.550000</td>\n",
       "      <td>11.400000</td>\n",
       "      <td>6.000000</td>\n",
       "      <td>2.000000</td>\n",
       "    </tr>\n",
       "    <tr>\n",
       "      <th>max</th>\n",
       "      <td>14.200000</td>\n",
       "      <td>1.100000</td>\n",
       "      <td>1.660000</td>\n",
       "      <td>65.800000</td>\n",
       "      <td>0.346000</td>\n",
       "      <td>289.000000</td>\n",
       "      <td>440.000000</td>\n",
       "      <td>1.038980</td>\n",
       "      <td>3.820000</td>\n",
       "      <td>1.080000</td>\n",
       "      <td>14.200000</td>\n",
       "      <td>9.000000</td>\n",
       "      <td>3.000000</td>\n",
       "    </tr>\n",
       "  </tbody>\n",
       "</table>\n",
       "</div>"
      ],
      "text/plain": [
       "       fixed acidity  volatile acidity  citric acid  residual sugar  \\\n",
       "count    4898.000000       4898.000000  4898.000000     4898.000000   \n",
       "mean        6.854788          0.278241     0.334192        6.391415   \n",
       "std         0.843868          0.100795     0.121020        5.072058   \n",
       "min         3.800000          0.080000     0.000000        0.600000   \n",
       "25%         6.300000          0.210000     0.270000        1.700000   \n",
       "50%         6.800000          0.260000     0.320000        5.200000   \n",
       "75%         7.300000          0.320000     0.390000        9.900000   \n",
       "max        14.200000          1.100000     1.660000       65.800000   \n",
       "\n",
       "         chlorides  free sulfur dioxide  total sulfur dioxide      density  \\\n",
       "count  4898.000000          4898.000000           4898.000000  4898.000000   \n",
       "mean      0.045772            35.308085            138.360657     0.994027   \n",
       "std       0.021848            17.007137             42.498065     0.002991   \n",
       "min       0.009000             2.000000              9.000000     0.987110   \n",
       "25%       0.036000            23.000000            108.000000     0.991723   \n",
       "50%       0.043000            34.000000            134.000000     0.993740   \n",
       "75%       0.050000            46.000000            167.000000     0.996100   \n",
       "max       0.346000           289.000000            440.000000     1.038980   \n",
       "\n",
       "                pH    sulphates      alcohol      quality      Reviews  \n",
       "count  4898.000000  4898.000000  4898.000000  4898.000000  4898.000000  \n",
       "mean      3.188267     0.489847    10.514267     5.877909     2.032666  \n",
       "std       0.151001     0.114126     1.230621     0.885639     0.199434  \n",
       "min       2.720000     0.220000     8.000000     3.000000     1.000000  \n",
       "25%       3.090000     0.410000     9.500000     5.000000     2.000000  \n",
       "50%       3.180000     0.470000    10.400000     6.000000     2.000000  \n",
       "75%       3.280000     0.550000    11.400000     6.000000     2.000000  \n",
       "max       3.820000     1.080000    14.200000     9.000000     3.000000  "
      ]
     },
     "execution_count": 36,
     "metadata": {},
     "output_type": "execute_result"
    }
   ],
   "source": [
    "df.describe()"
   ]
  },
  {
   "cell_type": "code",
   "execution_count": 37,
   "metadata": {},
   "outputs": [
    {
     "data": {
      "text/html": [
       "<div>\n",
       "<style scoped>\n",
       "    .dataframe tbody tr th:only-of-type {\n",
       "        vertical-align: middle;\n",
       "    }\n",
       "\n",
       "    .dataframe tbody tr th {\n",
       "        vertical-align: top;\n",
       "    }\n",
       "\n",
       "    .dataframe thead th {\n",
       "        text-align: right;\n",
       "    }\n",
       "</style>\n",
       "<table border=\"1\" class=\"dataframe\">\n",
       "  <thead>\n",
       "    <tr style=\"text-align: right;\">\n",
       "      <th></th>\n",
       "      <th>fixed acidity</th>\n",
       "      <th>volatile acidity</th>\n",
       "      <th>citric acid</th>\n",
       "      <th>residual sugar</th>\n",
       "      <th>chlorides</th>\n",
       "      <th>free sulfur dioxide</th>\n",
       "      <th>total sulfur dioxide</th>\n",
       "      <th>density</th>\n",
       "      <th>pH</th>\n",
       "      <th>sulphates</th>\n",
       "      <th>alcohol</th>\n",
       "      <th>quality</th>\n",
       "      <th>Reviews</th>\n",
       "    </tr>\n",
       "  </thead>\n",
       "  <tbody>\n",
       "    <tr>\n",
       "      <th>fixed acidity</th>\n",
       "      <td>0.712114</td>\n",
       "      <td>-0.001931</td>\n",
       "      <td>0.029533</td>\n",
       "      <td>0.381022</td>\n",
       "      <td>0.000426</td>\n",
       "      <td>-0.708919</td>\n",
       "      <td>3.266013</td>\n",
       "      <td>0.000670</td>\n",
       "      <td>-0.054265</td>\n",
       "      <td>-0.001651</td>\n",
       "      <td>-0.125533</td>\n",
       "      <td>-0.084947</td>\n",
       "      <td>-0.009530</td>\n",
       "    </tr>\n",
       "    <tr>\n",
       "      <th>volatile acidity</th>\n",
       "      <td>-0.001931</td>\n",
       "      <td>0.010160</td>\n",
       "      <td>-0.001823</td>\n",
       "      <td>0.032865</td>\n",
       "      <td>0.000155</td>\n",
       "      <td>-0.166300</td>\n",
       "      <td>0.382354</td>\n",
       "      <td>0.000008</td>\n",
       "      <td>-0.000486</td>\n",
       "      <td>-0.000411</td>\n",
       "      <td>0.008400</td>\n",
       "      <td>-0.017382</td>\n",
       "      <td>-0.000235</td>\n",
       "    </tr>\n",
       "    <tr>\n",
       "      <th>citric acid</th>\n",
       "      <td>0.029533</td>\n",
       "      <td>-0.001823</td>\n",
       "      <td>0.014646</td>\n",
       "      <td>0.057829</td>\n",
       "      <td>0.000302</td>\n",
       "      <td>0.193630</td>\n",
       "      <td>0.622989</td>\n",
       "      <td>0.000054</td>\n",
       "      <td>-0.002992</td>\n",
       "      <td>0.000861</td>\n",
       "      <td>-0.011278</td>\n",
       "      <td>-0.000987</td>\n",
       "      <td>-0.000229</td>\n",
       "    </tr>\n",
       "    <tr>\n",
       "      <th>residual sugar</th>\n",
       "      <td>0.381022</td>\n",
       "      <td>0.032865</td>\n",
       "      <td>0.057829</td>\n",
       "      <td>25.725770</td>\n",
       "      <td>0.009828</td>\n",
       "      <td>25.800578</td>\n",
       "      <td>86.531303</td>\n",
       "      <td>0.012727</td>\n",
       "      <td>-0.148684</td>\n",
       "      <td>-0.015435</td>\n",
       "      <td>-2.812740</td>\n",
       "      <td>-0.438316</td>\n",
       "      <td>-0.028053</td>\n",
       "    </tr>\n",
       "    <tr>\n",
       "      <th>chlorides</th>\n",
       "      <td>0.000426</td>\n",
       "      <td>0.000155</td>\n",
       "      <td>0.000302</td>\n",
       "      <td>0.009828</td>\n",
       "      <td>0.000477</td>\n",
       "      <td>0.037674</td>\n",
       "      <td>0.184687</td>\n",
       "      <td>0.000017</td>\n",
       "      <td>-0.000298</td>\n",
       "      <td>0.000042</td>\n",
       "      <td>-0.009684</td>\n",
       "      <td>-0.004062</td>\n",
       "      <td>-0.000320</td>\n",
       "    </tr>\n",
       "    <tr>\n",
       "      <th>free sulfur dioxide</th>\n",
       "      <td>-0.708919</td>\n",
       "      <td>-0.166300</td>\n",
       "      <td>0.193630</td>\n",
       "      <td>25.800578</td>\n",
       "      <td>0.037674</td>\n",
       "      <td>289.242720</td>\n",
       "      <td>444.865891</td>\n",
       "      <td>0.014966</td>\n",
       "      <td>-0.001587</td>\n",
       "      <td>0.114938</td>\n",
       "      <td>-5.234509</td>\n",
       "      <td>0.122878</td>\n",
       "      <td>-0.025075</td>\n",
       "    </tr>\n",
       "    <tr>\n",
       "      <th>total sulfur dioxide</th>\n",
       "      <td>3.266013</td>\n",
       "      <td>0.382354</td>\n",
       "      <td>0.622989</td>\n",
       "      <td>86.531303</td>\n",
       "      <td>0.184687</td>\n",
       "      <td>444.865891</td>\n",
       "      <td>1806.085491</td>\n",
       "      <td>0.067352</td>\n",
       "      <td>0.014894</td>\n",
       "      <td>0.652645</td>\n",
       "      <td>-23.476605</td>\n",
       "      <td>-6.576746</td>\n",
       "      <td>-0.590301</td>\n",
       "    </tr>\n",
       "    <tr>\n",
       "      <th>density</th>\n",
       "      <td>0.000670</td>\n",
       "      <td>0.000008</td>\n",
       "      <td>0.000054</td>\n",
       "      <td>0.012727</td>\n",
       "      <td>0.000017</td>\n",
       "      <td>0.014966</td>\n",
       "      <td>0.067352</td>\n",
       "      <td>0.000009</td>\n",
       "      <td>-0.000042</td>\n",
       "      <td>0.000025</td>\n",
       "      <td>-0.002871</td>\n",
       "      <td>-0.000814</td>\n",
       "      <td>-0.000070</td>\n",
       "    </tr>\n",
       "    <tr>\n",
       "      <th>pH</th>\n",
       "      <td>-0.054265</td>\n",
       "      <td>-0.000486</td>\n",
       "      <td>-0.002992</td>\n",
       "      <td>-0.148684</td>\n",
       "      <td>-0.000298</td>\n",
       "      <td>-0.001587</td>\n",
       "      <td>0.014894</td>\n",
       "      <td>-0.000042</td>\n",
       "      <td>0.022801</td>\n",
       "      <td>0.002688</td>\n",
       "      <td>0.022565</td>\n",
       "      <td>0.013297</td>\n",
       "      <td>0.001212</td>\n",
       "    </tr>\n",
       "    <tr>\n",
       "      <th>sulphates</th>\n",
       "      <td>-0.001651</td>\n",
       "      <td>-0.000411</td>\n",
       "      <td>0.000861</td>\n",
       "      <td>-0.015435</td>\n",
       "      <td>0.000042</td>\n",
       "      <td>0.114938</td>\n",
       "      <td>0.652645</td>\n",
       "      <td>0.000025</td>\n",
       "      <td>0.002688</td>\n",
       "      <td>0.013025</td>\n",
       "      <td>-0.002448</td>\n",
       "      <td>0.005425</td>\n",
       "      <td>-0.000091</td>\n",
       "    </tr>\n",
       "    <tr>\n",
       "      <th>alcohol</th>\n",
       "      <td>-0.125533</td>\n",
       "      <td>0.008400</td>\n",
       "      <td>-0.011278</td>\n",
       "      <td>-2.812740</td>\n",
       "      <td>-0.009684</td>\n",
       "      <td>-5.234509</td>\n",
       "      <td>-23.476605</td>\n",
       "      <td>-0.002871</td>\n",
       "      <td>0.022565</td>\n",
       "      <td>-0.002448</td>\n",
       "      <td>1.514427</td>\n",
       "      <td>0.474726</td>\n",
       "      <td>0.042479</td>\n",
       "    </tr>\n",
       "    <tr>\n",
       "      <th>quality</th>\n",
       "      <td>-0.084947</td>\n",
       "      <td>-0.017382</td>\n",
       "      <td>-0.000987</td>\n",
       "      <td>-0.438316</td>\n",
       "      <td>-0.004062</td>\n",
       "      <td>0.122878</td>\n",
       "      <td>-6.576746</td>\n",
       "      <td>-0.000814</td>\n",
       "      <td>0.013297</td>\n",
       "      <td>0.005425</td>\n",
       "      <td>0.474726</td>\n",
       "      <td>0.784356</td>\n",
       "      <td>0.090777</td>\n",
       "    </tr>\n",
       "    <tr>\n",
       "      <th>Reviews</th>\n",
       "      <td>-0.009530</td>\n",
       "      <td>-0.000235</td>\n",
       "      <td>-0.000229</td>\n",
       "      <td>-0.028053</td>\n",
       "      <td>-0.000320</td>\n",
       "      <td>-0.025075</td>\n",
       "      <td>-0.590301</td>\n",
       "      <td>-0.000070</td>\n",
       "      <td>0.001212</td>\n",
       "      <td>-0.000091</td>\n",
       "      <td>0.042479</td>\n",
       "      <td>0.090777</td>\n",
       "      <td>0.039774</td>\n",
       "    </tr>\n",
       "  </tbody>\n",
       "</table>\n",
       "</div>"
      ],
      "text/plain": [
       "                      fixed acidity  volatile acidity  citric acid  \\\n",
       "fixed acidity              0.712114         -0.001931     0.029533   \n",
       "volatile acidity          -0.001931          0.010160    -0.001823   \n",
       "citric acid                0.029533         -0.001823     0.014646   \n",
       "residual sugar             0.381022          0.032865     0.057829   \n",
       "chlorides                  0.000426          0.000155     0.000302   \n",
       "free sulfur dioxide       -0.708919         -0.166300     0.193630   \n",
       "total sulfur dioxide       3.266013          0.382354     0.622989   \n",
       "density                    0.000670          0.000008     0.000054   \n",
       "pH                        -0.054265         -0.000486    -0.002992   \n",
       "sulphates                 -0.001651         -0.000411     0.000861   \n",
       "alcohol                   -0.125533          0.008400    -0.011278   \n",
       "quality                   -0.084947         -0.017382    -0.000987   \n",
       "Reviews                   -0.009530         -0.000235    -0.000229   \n",
       "\n",
       "                      residual sugar  chlorides  free sulfur dioxide  \\\n",
       "fixed acidity               0.381022   0.000426            -0.708919   \n",
       "volatile acidity            0.032865   0.000155            -0.166300   \n",
       "citric acid                 0.057829   0.000302             0.193630   \n",
       "residual sugar             25.725770   0.009828            25.800578   \n",
       "chlorides                   0.009828   0.000477             0.037674   \n",
       "free sulfur dioxide        25.800578   0.037674           289.242720   \n",
       "total sulfur dioxide       86.531303   0.184687           444.865891   \n",
       "density                     0.012727   0.000017             0.014966   \n",
       "pH                         -0.148684  -0.000298            -0.001587   \n",
       "sulphates                  -0.015435   0.000042             0.114938   \n",
       "alcohol                    -2.812740  -0.009684            -5.234509   \n",
       "quality                    -0.438316  -0.004062             0.122878   \n",
       "Reviews                    -0.028053  -0.000320            -0.025075   \n",
       "\n",
       "                      total sulfur dioxide   density        pH  sulphates  \\\n",
       "fixed acidity                     3.266013  0.000670 -0.054265  -0.001651   \n",
       "volatile acidity                  0.382354  0.000008 -0.000486  -0.000411   \n",
       "citric acid                       0.622989  0.000054 -0.002992   0.000861   \n",
       "residual sugar                   86.531303  0.012727 -0.148684  -0.015435   \n",
       "chlorides                         0.184687  0.000017 -0.000298   0.000042   \n",
       "free sulfur dioxide             444.865891  0.014966 -0.001587   0.114938   \n",
       "total sulfur dioxide           1806.085491  0.067352  0.014894   0.652645   \n",
       "density                           0.067352  0.000009 -0.000042   0.000025   \n",
       "pH                                0.014894 -0.000042  0.022801   0.002688   \n",
       "sulphates                         0.652645  0.000025  0.002688   0.013025   \n",
       "alcohol                         -23.476605 -0.002871  0.022565  -0.002448   \n",
       "quality                          -6.576746 -0.000814  0.013297   0.005425   \n",
       "Reviews                          -0.590301 -0.000070  0.001212  -0.000091   \n",
       "\n",
       "                        alcohol   quality   Reviews  \n",
       "fixed acidity         -0.125533 -0.084947 -0.009530  \n",
       "volatile acidity       0.008400 -0.017382 -0.000235  \n",
       "citric acid           -0.011278 -0.000987 -0.000229  \n",
       "residual sugar        -2.812740 -0.438316 -0.028053  \n",
       "chlorides             -0.009684 -0.004062 -0.000320  \n",
       "free sulfur dioxide   -5.234509  0.122878 -0.025075  \n",
       "total sulfur dioxide -23.476605 -6.576746 -0.590301  \n",
       "density               -0.002871 -0.000814 -0.000070  \n",
       "pH                     0.022565  0.013297  0.001212  \n",
       "sulphates             -0.002448  0.005425 -0.000091  \n",
       "alcohol                1.514427  0.474726  0.042479  \n",
       "quality                0.474726  0.784356  0.090777  \n",
       "Reviews                0.042479  0.090777  0.039774  "
      ]
     },
     "execution_count": 37,
     "metadata": {},
     "output_type": "execute_result"
    }
   ],
   "source": [
    "df.cov()"
   ]
  },
  {
   "cell_type": "code",
   "execution_count": 38,
   "metadata": {},
   "outputs": [
    {
     "data": {
      "text/html": [
       "<div>\n",
       "<style scoped>\n",
       "    .dataframe tbody tr th:only-of-type {\n",
       "        vertical-align: middle;\n",
       "    }\n",
       "\n",
       "    .dataframe tbody tr th {\n",
       "        vertical-align: top;\n",
       "    }\n",
       "\n",
       "    .dataframe thead th {\n",
       "        text-align: right;\n",
       "    }\n",
       "</style>\n",
       "<table border=\"1\" class=\"dataframe\">\n",
       "  <thead>\n",
       "    <tr style=\"text-align: right;\">\n",
       "      <th></th>\n",
       "      <th>fixed acidity</th>\n",
       "      <th>volatile acidity</th>\n",
       "      <th>citric acid</th>\n",
       "      <th>residual sugar</th>\n",
       "      <th>chlorides</th>\n",
       "      <th>free sulfur dioxide</th>\n",
       "      <th>total sulfur dioxide</th>\n",
       "      <th>density</th>\n",
       "      <th>pH</th>\n",
       "      <th>sulphates</th>\n",
       "      <th>alcohol</th>\n",
       "      <th>quality</th>\n",
       "      <th>Reviews</th>\n",
       "    </tr>\n",
       "  </thead>\n",
       "  <tbody>\n",
       "    <tr>\n",
       "      <th>fixed acidity</th>\n",
       "      <td>1.000000</td>\n",
       "      <td>-0.022697</td>\n",
       "      <td>0.289181</td>\n",
       "      <td>0.089021</td>\n",
       "      <td>0.023086</td>\n",
       "      <td>-0.049396</td>\n",
       "      <td>0.091070</td>\n",
       "      <td>0.265331</td>\n",
       "      <td>-0.425858</td>\n",
       "      <td>-0.017143</td>\n",
       "      <td>-0.120881</td>\n",
       "      <td>-0.113663</td>\n",
       "      <td>-0.056623</td>\n",
       "    </tr>\n",
       "    <tr>\n",
       "      <th>volatile acidity</th>\n",
       "      <td>-0.022697</td>\n",
       "      <td>1.000000</td>\n",
       "      <td>-0.149472</td>\n",
       "      <td>0.064286</td>\n",
       "      <td>0.070512</td>\n",
       "      <td>-0.097012</td>\n",
       "      <td>0.089261</td>\n",
       "      <td>0.027114</td>\n",
       "      <td>-0.031915</td>\n",
       "      <td>-0.035728</td>\n",
       "      <td>0.067718</td>\n",
       "      <td>-0.194723</td>\n",
       "      <td>-0.011668</td>\n",
       "    </tr>\n",
       "    <tr>\n",
       "      <th>citric acid</th>\n",
       "      <td>0.289181</td>\n",
       "      <td>-0.149472</td>\n",
       "      <td>1.000000</td>\n",
       "      <td>0.094212</td>\n",
       "      <td>0.114364</td>\n",
       "      <td>0.094077</td>\n",
       "      <td>0.121131</td>\n",
       "      <td>0.149503</td>\n",
       "      <td>-0.163748</td>\n",
       "      <td>0.062331</td>\n",
       "      <td>-0.075729</td>\n",
       "      <td>-0.009209</td>\n",
       "      <td>-0.009482</td>\n",
       "    </tr>\n",
       "    <tr>\n",
       "      <th>residual sugar</th>\n",
       "      <td>0.089021</td>\n",
       "      <td>0.064286</td>\n",
       "      <td>0.094212</td>\n",
       "      <td>1.000000</td>\n",
       "      <td>0.088685</td>\n",
       "      <td>0.299098</td>\n",
       "      <td>0.401439</td>\n",
       "      <td>0.838966</td>\n",
       "      <td>-0.194133</td>\n",
       "      <td>-0.026664</td>\n",
       "      <td>-0.450631</td>\n",
       "      <td>-0.097577</td>\n",
       "      <td>-0.027733</td>\n",
       "    </tr>\n",
       "    <tr>\n",
       "      <th>chlorides</th>\n",
       "      <td>0.023086</td>\n",
       "      <td>0.070512</td>\n",
       "      <td>0.114364</td>\n",
       "      <td>0.088685</td>\n",
       "      <td>1.000000</td>\n",
       "      <td>0.101392</td>\n",
       "      <td>0.198910</td>\n",
       "      <td>0.257211</td>\n",
       "      <td>-0.090439</td>\n",
       "      <td>0.016763</td>\n",
       "      <td>-0.360189</td>\n",
       "      <td>-0.209934</td>\n",
       "      <td>-0.073466</td>\n",
       "    </tr>\n",
       "    <tr>\n",
       "      <th>free sulfur dioxide</th>\n",
       "      <td>-0.049396</td>\n",
       "      <td>-0.097012</td>\n",
       "      <td>0.094077</td>\n",
       "      <td>0.299098</td>\n",
       "      <td>0.101392</td>\n",
       "      <td>1.000000</td>\n",
       "      <td>0.615501</td>\n",
       "      <td>0.294210</td>\n",
       "      <td>-0.000618</td>\n",
       "      <td>0.059217</td>\n",
       "      <td>-0.250104</td>\n",
       "      <td>0.008158</td>\n",
       "      <td>-0.007393</td>\n",
       "    </tr>\n",
       "    <tr>\n",
       "      <th>total sulfur dioxide</th>\n",
       "      <td>0.091070</td>\n",
       "      <td>0.089261</td>\n",
       "      <td>0.121131</td>\n",
       "      <td>0.401439</td>\n",
       "      <td>0.198910</td>\n",
       "      <td>0.615501</td>\n",
       "      <td>1.000000</td>\n",
       "      <td>0.529881</td>\n",
       "      <td>0.002321</td>\n",
       "      <td>0.134562</td>\n",
       "      <td>-0.448892</td>\n",
       "      <td>-0.174737</td>\n",
       "      <td>-0.069647</td>\n",
       "    </tr>\n",
       "    <tr>\n",
       "      <th>density</th>\n",
       "      <td>0.265331</td>\n",
       "      <td>0.027114</td>\n",
       "      <td>0.149503</td>\n",
       "      <td>0.838966</td>\n",
       "      <td>0.257211</td>\n",
       "      <td>0.294210</td>\n",
       "      <td>0.529881</td>\n",
       "      <td>1.000000</td>\n",
       "      <td>-0.093591</td>\n",
       "      <td>0.074493</td>\n",
       "      <td>-0.780138</td>\n",
       "      <td>-0.307123</td>\n",
       "      <td>-0.117586</td>\n",
       "    </tr>\n",
       "    <tr>\n",
       "      <th>pH</th>\n",
       "      <td>-0.425858</td>\n",
       "      <td>-0.031915</td>\n",
       "      <td>-0.163748</td>\n",
       "      <td>-0.194133</td>\n",
       "      <td>-0.090439</td>\n",
       "      <td>-0.000618</td>\n",
       "      <td>0.002321</td>\n",
       "      <td>-0.093591</td>\n",
       "      <td>1.000000</td>\n",
       "      <td>0.155951</td>\n",
       "      <td>0.121432</td>\n",
       "      <td>0.099427</td>\n",
       "      <td>0.040261</td>\n",
       "    </tr>\n",
       "    <tr>\n",
       "      <th>sulphates</th>\n",
       "      <td>-0.017143</td>\n",
       "      <td>-0.035728</td>\n",
       "      <td>0.062331</td>\n",
       "      <td>-0.026664</td>\n",
       "      <td>0.016763</td>\n",
       "      <td>0.059217</td>\n",
       "      <td>0.134562</td>\n",
       "      <td>0.074493</td>\n",
       "      <td>0.155951</td>\n",
       "      <td>1.000000</td>\n",
       "      <td>-0.017433</td>\n",
       "      <td>0.053678</td>\n",
       "      <td>-0.003997</td>\n",
       "    </tr>\n",
       "    <tr>\n",
       "      <th>alcohol</th>\n",
       "      <td>-0.120881</td>\n",
       "      <td>0.067718</td>\n",
       "      <td>-0.075729</td>\n",
       "      <td>-0.450631</td>\n",
       "      <td>-0.360189</td>\n",
       "      <td>-0.250104</td>\n",
       "      <td>-0.448892</td>\n",
       "      <td>-0.780138</td>\n",
       "      <td>0.121432</td>\n",
       "      <td>-0.017433</td>\n",
       "      <td>1.000000</td>\n",
       "      <td>0.435575</td>\n",
       "      <td>0.173079</td>\n",
       "    </tr>\n",
       "    <tr>\n",
       "      <th>quality</th>\n",
       "      <td>-0.113663</td>\n",
       "      <td>-0.194723</td>\n",
       "      <td>-0.009209</td>\n",
       "      <td>-0.097577</td>\n",
       "      <td>-0.209934</td>\n",
       "      <td>0.008158</td>\n",
       "      <td>-0.174737</td>\n",
       "      <td>-0.307123</td>\n",
       "      <td>0.099427</td>\n",
       "      <td>0.053678</td>\n",
       "      <td>0.435575</td>\n",
       "      <td>1.000000</td>\n",
       "      <td>0.513948</td>\n",
       "    </tr>\n",
       "    <tr>\n",
       "      <th>Reviews</th>\n",
       "      <td>-0.056623</td>\n",
       "      <td>-0.011668</td>\n",
       "      <td>-0.009482</td>\n",
       "      <td>-0.027733</td>\n",
       "      <td>-0.073466</td>\n",
       "      <td>-0.007393</td>\n",
       "      <td>-0.069647</td>\n",
       "      <td>-0.117586</td>\n",
       "      <td>0.040261</td>\n",
       "      <td>-0.003997</td>\n",
       "      <td>0.173079</td>\n",
       "      <td>0.513948</td>\n",
       "      <td>1.000000</td>\n",
       "    </tr>\n",
       "  </tbody>\n",
       "</table>\n",
       "</div>"
      ],
      "text/plain": [
       "                      fixed acidity  volatile acidity  citric acid  \\\n",
       "fixed acidity              1.000000         -0.022697     0.289181   \n",
       "volatile acidity          -0.022697          1.000000    -0.149472   \n",
       "citric acid                0.289181         -0.149472     1.000000   \n",
       "residual sugar             0.089021          0.064286     0.094212   \n",
       "chlorides                  0.023086          0.070512     0.114364   \n",
       "free sulfur dioxide       -0.049396         -0.097012     0.094077   \n",
       "total sulfur dioxide       0.091070          0.089261     0.121131   \n",
       "density                    0.265331          0.027114     0.149503   \n",
       "pH                        -0.425858         -0.031915    -0.163748   \n",
       "sulphates                 -0.017143         -0.035728     0.062331   \n",
       "alcohol                   -0.120881          0.067718    -0.075729   \n",
       "quality                   -0.113663         -0.194723    -0.009209   \n",
       "Reviews                   -0.056623         -0.011668    -0.009482   \n",
       "\n",
       "                      residual sugar  chlorides  free sulfur dioxide  \\\n",
       "fixed acidity               0.089021   0.023086            -0.049396   \n",
       "volatile acidity            0.064286   0.070512            -0.097012   \n",
       "citric acid                 0.094212   0.114364             0.094077   \n",
       "residual sugar              1.000000   0.088685             0.299098   \n",
       "chlorides                   0.088685   1.000000             0.101392   \n",
       "free sulfur dioxide         0.299098   0.101392             1.000000   \n",
       "total sulfur dioxide        0.401439   0.198910             0.615501   \n",
       "density                     0.838966   0.257211             0.294210   \n",
       "pH                         -0.194133  -0.090439            -0.000618   \n",
       "sulphates                  -0.026664   0.016763             0.059217   \n",
       "alcohol                    -0.450631  -0.360189            -0.250104   \n",
       "quality                    -0.097577  -0.209934             0.008158   \n",
       "Reviews                    -0.027733  -0.073466            -0.007393   \n",
       "\n",
       "                      total sulfur dioxide   density        pH  sulphates  \\\n",
       "fixed acidity                     0.091070  0.265331 -0.425858  -0.017143   \n",
       "volatile acidity                  0.089261  0.027114 -0.031915  -0.035728   \n",
       "citric acid                       0.121131  0.149503 -0.163748   0.062331   \n",
       "residual sugar                    0.401439  0.838966 -0.194133  -0.026664   \n",
       "chlorides                         0.198910  0.257211 -0.090439   0.016763   \n",
       "free sulfur dioxide               0.615501  0.294210 -0.000618   0.059217   \n",
       "total sulfur dioxide              1.000000  0.529881  0.002321   0.134562   \n",
       "density                           0.529881  1.000000 -0.093591   0.074493   \n",
       "pH                                0.002321 -0.093591  1.000000   0.155951   \n",
       "sulphates                         0.134562  0.074493  0.155951   1.000000   \n",
       "alcohol                          -0.448892 -0.780138  0.121432  -0.017433   \n",
       "quality                          -0.174737 -0.307123  0.099427   0.053678   \n",
       "Reviews                          -0.069647 -0.117586  0.040261  -0.003997   \n",
       "\n",
       "                       alcohol   quality   Reviews  \n",
       "fixed acidity        -0.120881 -0.113663 -0.056623  \n",
       "volatile acidity      0.067718 -0.194723 -0.011668  \n",
       "citric acid          -0.075729 -0.009209 -0.009482  \n",
       "residual sugar       -0.450631 -0.097577 -0.027733  \n",
       "chlorides            -0.360189 -0.209934 -0.073466  \n",
       "free sulfur dioxide  -0.250104  0.008158 -0.007393  \n",
       "total sulfur dioxide -0.448892 -0.174737 -0.069647  \n",
       "density              -0.780138 -0.307123 -0.117586  \n",
       "pH                    0.121432  0.099427  0.040261  \n",
       "sulphates            -0.017433  0.053678 -0.003997  \n",
       "alcohol               1.000000  0.435575  0.173079  \n",
       "quality               0.435575  1.000000  0.513948  \n",
       "Reviews               0.173079  0.513948  1.000000  "
      ]
     },
     "execution_count": 38,
     "metadata": {},
     "output_type": "execute_result"
    }
   ],
   "source": [
    "df.corr()"
   ]
  },
  {
   "cell_type": "code",
   "execution_count": 42,
   "metadata": {},
   "outputs": [
    {
     "data": {
      "text/plain": [
       "<matplotlib.axes._subplots.AxesSubplot at 0x1d7a4580be0>"
      ]
     },
     "execution_count": 42,
     "metadata": {},
     "output_type": "execute_result"
    },
    {
     "data": {
